8
Lactococcus 0.0 0.017601069747319335 0.017399304044989846 0.01731678647295739 0.016610529416608007 0.014263776235625683 0.01544117871148443 0.018511318328255283
Escherichia 0.017601069747319335 0.0 0.015586051456350322 0.018578330791543144 0.018788971998222787 0.012848121214792457 0.013450447250928126 0.019361737396215245
Streptococcus 0.017399304044989846 0.015586051456350322 0.0 0.0217283081485881 0.018083854159166402 0.012760492006580311 0.01754155334484378 0.02185559853904715
Cellulophaga 0.01731678647295739 0.018578330791543144 0.0217283081485881 0.0 0.015767871804717337 0.017149202787593364 0.022888899465679863 0.012972169729848588
Coronavirus 0.016610529416608007 0.018788971998222787 0.018083854159166402 0.015767871804717337 0.0 0.017028257764668705 0.019645371592311507 0.013497250877493533
Adenovirus 0.014263776235625683 0.012848121214792457 0.012760492006580311 0.017149202787593364 0.017028257764668705 0.0 0.015723509468308913 0.020077976896340926
Variolavirus 0.01544117871148443 0.013450447250928126 0.01754155334484378 0.022888899465679863 0.019645371592311507 0.015723509468308913 0.0 0.020932857694304426
Herpesvirus 0.018511318328255283 0.019361737396215245 0.02185559853904715 0.012972169729848588 0.013497250877493533 0.020077976896340926 0.020932857694304426 0.0
