8
Lactococcus 0.0 0.0004187121018298253 0.0003287308395081757 0.00035364660039190253 0.00044375 0.0005401890402616014 0.00046575868466809076 0.0007119669744140173
Escherichia 0.0004187121018298253 0.0 0.0003335050013680455 0.000437259978802657 0.00037336557884833197 0.0003428254612408477 0.0004634070497413694 0.0005042107849153962
Streptococcus 0.0003287308395081757 0.0003335050013680455 0.0 0.00035539233381925956 0.00035104823497811527 0.0004312103695558584 0.00047323376391853107 0.0006054279220105395
Cellulophaga 0.00035364660039190253 0.000437259978802657 0.00035539233381925956 0.0 0.00045129750009694267 0.0005512459254384562 0.0004999316359513569 0.0007191914405254
Coronavirus 0.00044375 0.00037336557884833197 0.00035104823497811527 0.00045129750009694267 0.0 0.0004136377538453786 0.0004976384661265143 0.0005792324696581244
Adenovirus 0.0005401890402616014 0.0003428254612408477 0.0004312103695558584 0.0005512459254384562 0.0004136377538453786 0.0 0.0006099436449377926 0.0003418627168725774
Variolavirus 0.00046575868466809076 0.0004634070497413694 0.00047323376391853107 0.0004999316359513569 0.0004976384661265143 0.0006099436449377926 0.0 0.00075157711784121
Herpesvirus 0.0007119669744140173 0.0005042107849153962 0.0006054279220105395 0.0007191914405254 0.0005792324696581244 0.0003418627168725774 0.00075157711784121 0.0
